68,35
3,2
10,182
10,178
10,248
10,280
10,94
10,134
10,92
10,2
10,3
9,4
9,6
9,2
9,3
8,18
8,11
8,15
8,4
8,10
8,9
8,2
8,3
43,4
43,3
43,1
42,3
42,1
41,3
41,1
40,3
40,1
39,3
39,1
38,3
38,1
37,3
37,1
36,3
36,1
20,3
20,2
20,1
19,2
19,3
19,1
12,3
12,2
12,1
11,27
11,26
11,25
11,24
11,23
11,22
11,21
11,20
11,19
11,18
11,17
11,16
11,15
11,14
11,13
11,12
11,11
11,10
11,9
11,7
11,6
11,5
11,3
11,2
11,1
10,309
10,308
10,307
10,306
10,305
10,304
10,303
10,302
10,301
10,300
10,299
10,298
10,297
10,296
10,295
10,279
10,255
10,249
10,203
18,1
